201333001 67 
201333002 89
201333003 90
201333004 45
201333005 81
201333006 77
201333007 91
201333008 32
201333009 100
201433001 67 
201433002 89
201433003 90
201433004 45
201433005 81
201433006 77
201433007 91
201433008 32
201433009 100
201533001 67 
201533002 89
201533003 90
201533004 45
201533005 81
201533006 77
201533007 91
201533008 32
201533009 100
201633001 67 
201633002 89
201633003 90
201633004 45
201633005 81
201633006 77
201633007 91
201633008 32
201633009 100
201733001 67 
201733002 89
201733003 90
201733004 45
201733005 81
201733006 77
201733007 91
201733008 32
201733009 100
